0.000000000000000000e+00 -1.450500000000000123e-01 -2.499999999999999445e-02
0.000000000000000000e+00 -1.417599999999999971e-01 -2.499999999999999445e-02
-9.473853048000000827e-06 -1.384250160399999874e-01 -2.503601419999998412e-02
-2.794784775999999908e-05 -1.350906436300000069e-01 -2.510758890000000521e-02
-5.502782978000000111e-05 -1.317572786950000074e-01 -2.521457409999999788e-02
-9.039421400000000094e-05 -1.284253235199999954e-01 -2.535712279999999264e-02
-1.337894328000000107e-04 -1.250951984530999928e-01 -2.553565189999998375e-02
-1.850018379999999985e-04 -1.217673504929999984e-01 -2.575078699999999721e-02
-2.438479940999999887e-04 -1.184422582589999967e-01 -2.600329630000000614e-02
-3.101558746999999862e-04 -1.151204336059999944e-01 -2.629402749999998345e-02
-3.837513610999999914e-04 -1.118024209399999941e-01 -2.662385549999998768e-02
-4.644493639000000021e-04 -1.084887956499999973e-01 -2.699364879999999189e-02
-5.520494688999999771e-04 -1.051801631899999950e-01 -2.740425659999998209e-02
-6.463349399999999663e-04 -1.018771595000000085e-01 -2.785651199999999994e-02
-7.470736097000000219e-04 -9.858045322000000277e-02 -2.835124410000000594e-02
-8.540195800999999609e-04 -9.529074903999999735e-02 -2.888929290000000205e-02
-9.669153798999999619e-04 -9.200879163000000305e-02 -2.947152029999999812e-02
-1.085494761999999990e-03 -8.873536908000000112e-02 -3.009881400000000151e-02
-1.209486370000000107e-03 -8.547131555000000991e-02 -3.077208449999999096e-02
-1.338618038000000034e-03 -8.221751265999999170e-02 -3.149225659999999039e-02
-1.472620961000000069e-03 -7.897489021000000942e-02 -3.226025879999999679e-02
-1.611232769999999944e-03 -7.574442695999999975e-02 -3.307701669999998928e-02
-1.754199032999999991e-03 -7.252715283999999762e-02 -3.394345160000000750e-02
-1.901273615999999906e-03 -6.932415409000000639e-02 -3.486049029999999105e-02
-2.052219336000000050e-03 -6.613658287000000191e-02 -3.582908560000000464e-02
-2.206811779999999848e-03 -6.296567305000000392e-02 -3.685024579999998662e-02
-2.364739045000000071e-03 -5.981274564999999876e-02 -3.792497200000000124e-02
-2.522097681999999931e-03 -5.667777087000000491e-02 -3.905085349999998234e-02
-2.671246750999999985e-03 -5.355814026999999866e-02 -4.021953409999998175e-02
-2.804097501999999915e-03 -5.045030216000000178e-02 -4.142103880000000404e-02
-2.912601180000000053e-03 -4.735039945999999778e-02 -4.264517279999999189e-02
-2.988759136000000011e-03 -4.425446349999999363e-02 -4.388161429999998253e-02
-3.024626350000000213e-03 -4.115857311999999990e-02 -4.511987559999999786e-02
-3.012396293000000214e-03 -3.805897068999999910e-02 -4.634914449999999464e-02
-2.944787905000000212e-03 -3.495210208000000540e-02 -4.755795059999998187e-02
-2.815756340999999927e-03 -3.183465536000000540e-02 -4.873390810000000073e-02
-2.621518388999999945e-03 -2.870361872000000425e-02 -4.986370239999998732e-02
-2.361334210000000117e-03 -2.555641040999999392e-02 -5.093351120000000343e-02
-2.037746500000000172e-03 -2.239102900000000673e-02 -5.192966739999999026e-02
-1.656411539000000009e-03 -1.920616379999999512e-02 -5.283932939999999578e-02
-1.225743281000000020e-03 -1.600124699999999622e-02 -5.365107049999998101e-02
-7.564262280999999727e-04 -1.277645260000000171e-02 -5.435533249999999206e-02
-2.609298621000000250e-04 -9.532659999999998357e-03 -5.494483799999999585e-02
2.470253643999999757e-04 -6.271381600000000556e-03 -5.541492349999999067e-02
7.530501744999999617e-04 -2.994657100000006067e-03 -5.576376950000000443e-02
1.242701632999999991e-03 2.950795999999977770e-04 -5.599251269999999669e-02
1.702108275999999901e-03 3.595153999999989303e-03 -5.610522579999999149e-02
2.118576260999999877e-03 6.902814899999998310e-03 -5.610875900000000804e-02
2.481147262000000207e-03 1.021539809999999493e-02 -5.601245109999999916e-02
2.781082206999999865e-03 1.353047839999999002e-02 -5.582772159999999095e-02
3.012251914999999891e-03 1.684599740000000678e-02 -5.556756560000000733e-02
3.171384988000000137e-03 2.016036199999998724e-02 -5.524596669999998211e-02
3.258168204000000141e-03 2.347250459999999928e-02 -5.487727489999999486e-02
3.275239565000000012e-03 2.678190080000000806e-02 -5.447558199999999462e-02
3.228109658999999809e-03 3.008854080000000764e-02 -5.405408789999999186e-02
3.124912169999999843e-03 3.339286369999999726e-02 -5.362452139999998590e-02
2.976035305999999783e-03 3.669565580000000438e-02 -5.319664469999998979e-02
2.793671895000000068e-03 3.999791990000001185e-02 -5.277785279999999690e-02
2.591306109999999812e-03 4.330072500000001212e-02 -5.237287879999999451e-02
2.383150588999999927e-03 4.660503869999998994e-02 -5.198361320000000063e-02
2.183558574999999811e-03 4.991155729999999235e-02 -5.160904880000000139e-02
2.006438819999999904e-03 5.322054419999999730e-02 -5.124535099999999455e-02
1.864694556000000020e-03 5.653168859999999074e-02 -5.088604259999998658e-02
1.769699045000000049e-03 5.984399060000000770e-02 -5.052228529999999718e-02
1.730807717999999955e-03 6.315568320000000679e-02 -5.014324079999998851e-02
1.754876965000000096e-03 6.646419819999999090e-02 -4.973649550000000530e-02
1.845833913000000104e-03 6.976619559999999720e-02 -4.928858099999999798e-02
2.004386502000000091e-03 7.305766250000000905e-02 -4.878559769999998852e-02
2.228009823000000160e-03 7.633407019999999266e-02 -4.821389149999999457e-02
2.511398376999999984e-03 7.959052210000000516e-02 -4.756062129999999444e-02
2.847341016000000131e-03 8.282179249999999104e-02 -4.681398970000000270e-02
3.227561153000000141e-03 8.602223529999999951e-02 -4.596315889999999516e-02
3.643260073999999866e-03 8.918561089999998970e-02 -4.499804179999999931e-02
4.085368726000000381e-03 9.230489089999999175e-02 -4.390914099999998488e-02
4.544580508000000026e-03 9.537211959999999933e-02 -4.268760339999999598e-02
5.011362170999999859e-03 9.837832229999998734e-02 -4.132539969999998730e-02
5.476052062000000102e-03 1.013135551999999884e-01 -3.981578229999999108e-02
5.929955302000000303e-03 1.041678165999999905e-01 -3.815527850000000054e-02
6.368694097000000311e-03 1.069330347999999931e-01 -3.634668289999998247e-02
6.791349048999999714e-03 1.096024520999999974e-01 -3.439590130000000356e-02
7.196975359999999849e-03 1.121696605999999985e-01 -3.230905779999998506e-02
7.584714614000000361e-03 1.146286803999999881e-01 -3.009254670000000020e-02
7.953784579999999618e-03 1.169739868000000127e-01 -2.775301669999999388e-02
8.303463489000000725e-03 1.192005385000000084e-01 -2.529734910000000503e-02
8.633077911000000548e-03 1.213037988000000011e-01 -2.273262669999999430e-02
8.941999828999999678e-03 1.232797432000000137e-01 -2.006609319999999586e-02
9.229652599000000290e-03 1.251248548000000183e-01 -1.730510579999999798e-02
9.495521381000000469e-03 1.268361087000000054e-01 -1.445708910000000069e-02
9.739162854000000050e-03 1.284109527000000250e-01 -1.152949219999999109e-02
9.960210808000000832e-03 1.298472881000000134e-01 -8.529751999999987677e-03
1.015837678000000056e-02 1.311434522000000102e-01 -5.465262599999992643e-03
1.033344681999999980e-02 1.322982039000000221e-01 -2.343348299999992168e-03
1.048527636000000027e-02 1.333107090999999800e-01 8.287606800000124618e-04
1.061378479000000055e-02 1.341805253999999725e-01 4.043950230000009638e-03
1.071895091999999945e-02 1.349075847999999800e-01 7.295243419999999923e-03
1.080080949000000040e-02 1.354921747999999759e-01 1.057581970000000260e-02
1.085944848999999962e-02 1.359349167000000191e-01 1.387903207000000527e-02
1.089500696999999921e-02 1.362367439000000124e-01 1.719842216000000423e-02
1.090767291999999999e-02 1.363988790999999812e-01 2.052773282000000532e-02
1.089768091000000057e-02 1.364228127000000068e-01 2.386091864000000617e-02
1.086530947999999989e-02 1.363102802000000224e-01 2.719215427000000462e-02
1.081087837000000058e-02 1.360632419999999732e-01 3.051584093000000997e-02
1.073474557000000072e-02 1.356838625999999826e-01 3.382661111000000165e-02
1.063730446999999919e-02 1.351744905999999746e-01 3.711933174000001112e-02
1.051898107999999984e-02 1.345376399000000056e-01 4.038910594000000298e-02
1.038023144999999925e-02 1.337759707999999770e-01 4.363127330000000220e-02
1.022153922999999992e-02 1.328922723000000028e-01 4.684140898000000580e-02
1.004341339999999944e-02 1.318894449999999940e-01 5.001532165000000668e-02
9.846386181000000085e-03 1.307704846000000143e-01 5.314905042000000329e-02
9.631010859000000215e-03 1.295384673000000153e-01 5.623886085000000257e-02
9.397859749999999332e-03 1.281965351000000086e-01 5.928124037000000873e-02
9.147522049000000183e-03 1.267478832999999749e-01 6.227289299000000888e-02
8.880601658000000093e-03 1.251957484999999815e-01 6.521073367000000676e-02
8.597714959000000295e-03 1.235433974000000046e-01 6.809188231000000424e-02
8.299488577000000561e-03 1.217941174000000126e-01 7.091365755000000881e-02
7.986557143999999456e-03 1.199512071000000124e-01 7.367357029000000390e-02
7.659561147000000340e-03 1.180179684000000062e-01 7.636931715000000453e-02
7.319144871999999635e-03 1.159976984999999960e-01 7.899877374000000008e-02
6.965954493000000095e-03 1.138936835000000092e-01 8.155998779000001031e-02
6.600636330999999982e-03 1.117091910000000132e-01 8.405117218000000834e-02
6.223835272999999821e-03 1.094474651000000021e-01 8.647069786000000091e-02
5.836193362000000225e-03 1.071117203999999989e-01 8.881708673000000831e-02
5.438348534999999997e-03 1.047051374999999895e-01 9.108900435700000020e-02
5.030933490000000230e-03 1.022308580999999883e-01 9.328525281000001057e-02
4.614574667000000130e-03 9.969198169999998749e-02 9.540476336800000901e-02
4.189891329999999824e-03 9.709156190000001185e-02 9.744658933300000270e-02
3.757494744000000175e-03 9.443260349999998970e-02 9.940989885750001198e-02
3.317987448000000051e-03 9.171805990000000963e-02 1.012939678260000032e-01
2.871962627000000136e-03 8.895083160000000211e-02 1.030981728020000099e-01
2.420003587999999817e-03 8.613376380000001276e-02 1.048219840350000098e-01
1.962683348000000133e-03 8.326964570000000565e-02 1.064649585340000093e-01
1.500564334999999984e-03 8.036120969999999142e-02 1.080267332180000067e-01
1.034198198999999917e-03 7.741113029999999173e-02 1.095070181420000066e-01
5.641257334999999528e-04 7.442202470000000569e-02 1.109055898300000120e-01
9.087689504000000295e-05 7.139645259999999327e-02 1.122222847200000095e-01
-3.850290837000000044e-04 6.833691689999998875e-02 1.134569927500000130e-01
-8.630835008000000514e-04 6.524586460000000865e-02 1.146096510799999996e-01
-1.342787918000000035e-03 6.212568839999998982e-02 1.156802380700000105e-01
-1.823653829000000106e-03 5.897872779999999149e-02 1.166687673600000086e-01
-2.305202262999999935e-03 5.580727160000001352e-02 1.175752823100000011e-01
-2.786963337999999891e-03 5.261355970000000659e-02 1.183998505800000073e-01
-3.268475758999999856e-03 4.939978610000000936e-02 1.191425590600000139e-01
-3.749286265999999916e-03 4.616810160000001106e-02 1.198035091200000124e-01
-4.228949037999999924e-03 4.292061690000001373e-02 1.203828120800000123e-01
-4.707025049000000336e-03 3.965940589999999988e-02 1.208805851799999997e-01
-5.183081396999999688e-03 3.638650960000000545e-02 1.212969477400000079e-01
-5.656690590000000053e-03 3.310393989999999009e-02 1.216320178799999985e-01
-6.127429820000000402e-03 2.981368309999998800e-02 1.218859095200000020e-01
-6.594880208000000049e-03 2.651770480000001373e-02 1.220587298400000048e-01
-7.058626055000000350e-03 2.321795400000001286e-02 1.221505771999999990e-01
-7.518254087999999905e-03 1.991636720000000693e-02 1.221615394799999976e-01
-7.973352728000000084e-03 1.661487349999998808e-02 1.220916928300000009e-01
-8.423511366999999680e-03 1.331539879999998899e-02 1.219411010000000101e-01
-8.868319697999999321e-03 1.001987060000000818e-02 1.217098150300000015e-01
-9.307367068000000146e-03 6.730223000000007394e-03 1.213978734200000104e-01
-9.740241897999999190e-03 3.448400699999992769e-03 1.210053028500000100e-01
-1.016653114999999975e-02 1.763644999999980367e-04 1.205321192200000113e-01
-1.058581983999999990e-02 -3.083904799999995228e-03 1.199783293000000056e-01
-1.099769069999999987e-02 -6.330401400000004730e-03 1.193439327300000047e-01
-1.140172377999999938e-02 -9.561090499999994052e-03 1.186289245300000128e-01
-1.179749620000000027e-02 -1.277390359999999725e-02 1.178332980100000038e-01
-1.218458201999999928e-02 -1.596673440000000166e-02 1.169570481500000064e-01
-1.256255206999999999e-02 -1.913743499999999431e-02 1.160001753700000138e-01
-1.293097391000000082e-02 -2.228381209999999446e-02 1.149626897800000019e-01
-1.328941187000000010e-02 -2.540362352000000157e-02 1.138446157700000044e-01
-1.363742710999999927e-02 -2.849457451999999613e-02 1.126459970400000010e-01
-1.397457774999999978e-02 -3.155431525000000625e-02 1.113669020200000054e-01
-1.430041909999999958e-02 -3.458043783000000482e-02 1.100074297000000062e-01
-1.461450387000000004e-02 -3.757047404999999674e-02 1.085677157390000092e-01
-1.491638250000000034e-02 -4.052189338999999391e-02 1.070479390480000015e-01
-1.520560351000000039e-02 -4.343210140000000608e-02 1.054483286090000110e-01
-1.548171394000000083e-02 -4.629843857000000285e-02 1.037691706650000073e-01
-1.574425981000000113e-02 -4.911817962999999454e-02 1.020108161840000000e-01
-1.599278674000000067e-02 -5.188853329999999764e-02 1.001736885819000111e-01
-1.622684056000000055e-02 -5.460664260000000492e-02 9.825829168999999919e-02
-1.644596804999999898e-02 -5.726958561000000669e-02 9.626521792100001251e-02
-1.664971780999999901e-02 -5.987437687999999647e-02 9.419515662300000092e-02
-1.683764110999999911e-02 -6.241796940999999599e-02 9.204890258200000563e-02
-1.700929291000000121e-02 -6.489725714999999839e-02 8.982736465000000503e-02
-1.716423289999999963e-02 -6.730907832999999396e-02 8.753157448000001284e-02
-1.730202668999999971e-02 -6.965021938000000301e-02 8.516269532000000919e-02
-1.742224688999999965e-02 -7.191741958000000268e-02 8.272203081000001346e-02
-1.752447446999999894e-02 -7.410737656999999423e-02 8.021103379999999783e-02
-1.760830001000000117e-02 -7.621675247000000986e-02 7.763131503000000877e-02
-1.767332515999999951e-02 -7.824218095999999067e-02 7.498465163000000988e-02
-1.771916418000000007e-02 -8.018027495999999199e-02 7.227299545000000214e-02
-1.774544562000000131e-02 -8.202763510999999674e-02 6.949848095000001058e-02
-1.775181425999999840e-02 -8.378085892000000645e-02 6.666343280000000537e-02
-1.773793308000000055e-02 -8.543655057999999247e-02 6.377037292000001245e-02
-1.770348560999999987e-02 -8.699133135000000627e-02 6.082202709000000818e-02
-1.764817829000000018e-02 -8.844185067000000233e-02 5.782133099000000276e-02
-1.757174301000000161e-02 -8.978479783999999964e-02 5.477143568000000795e-02
-1.747393968999999894e-02 -9.101691447000000157e-02 5.167571252000000698e-02
-1.735455891000000153e-02 -9.213500770999999423e-02 4.853775749000000667e-02
-1.721342434999999921e-02 -9.313596426000000927e-02 4.536139485000000721e-02
-1.705039531000000080e-02 -9.401676537000000500e-02 4.215068007000000866e-02
-1.686536895000000091e-02 -9.477450265999999568e-02 3.890990188000000710e-02
-1.665828260999999838e-02 -9.540639478000000062e-02 3.564358345000000206e-02
-1.642911597999999890e-02 -9.590980490000000636e-02 3.235648235000000705e-02
-1.617789337999999896e-02 -9.628225875000000211e-02 2.905358941000001083e-02
-1.590468610999999990e-02 -9.652146313999999949e-02 2.574012616000000142e-02
-1.560961502000000022e-02 -9.662532471000000178e-02 2.242154088000000711e-02
-1.529285315999999971e-02 -9.659196891999999313e-02 1.910350318000000880e-02
-1.495462868000000008e-02 -9.641975904999999791e-02 1.579189709000000663e-02
-1.459522777999999917e-02 -9.610731517999999973e-02 1.249281260000000005e-02
-1.421499772000000064e-02 -9.565353317999999994e-02 9.212535620000003589e-03
-1.381434970999999984e-02 -9.505760368000000515e-02 5.957536320000011987e-03
-1.339376175000000016e-02 -9.431903087000000074e-02 2.734455800000007430e-03
-1.295378127999999990e-02 -9.343765110999999179e-02 -4.499090999999927343e-04
-1.249502761000000073e-02 -9.241365116999999962e-02 -3.588622499999999382e-03
-1.201819410999999983e-02 -9.124758589999999725e-02 -6.674628899999993092e-03
-1.152404997000000021e-02 -8.994039529000000255e-02 -9.700772899999987597e-03
-1.101344119999999975e-02 -8.849342094999999853e-02 -1.265982300000000060e-02
-1.048729055000000021e-02 -8.690842203000000155e-02 -1.554449589999999659e-02
-9.946596183000000826e-03 -8.518759066000000657e-02 -1.834748399999999724e-02
-9.392428924999999748e-03 -8.333356653000000003e-02 -2.106148609999999866e-02
-8.825928906999999657e-03 -8.134944977999999938e-02 -2.367923959999999883e-02
-8.248302371999999272e-03 -7.923881103999999564e-02 -2.619355630000000379e-02
-7.660819745999999757e-03 -7.700569709999999235e-02 -2.859735839999999474e-02
-7.064815403000000021e-03 -7.465463107000000487e-02 -3.088371549999999188e-02
-6.461688668999999649e-03 -7.219060666999999043e-02 -3.304587789999999248e-02
-5.852904988999999870e-03 -6.961907708000000805e-02 -3.507730729999999908e-02
-5.239996295999999922e-03 -6.694593957000000151e-02 -3.697170129999999277e-02
-4.624559753999999898e-03 -6.417751861999999863e-02 -3.872301359999999470e-02
-4.008251202000000062e-03 -6.132052634000000058e-02 -4.032548889999998387e-02
-3.395742877000000170e-03 -5.838300731999999937e-02 -4.177680999999999756e-02
-2.795344189000000066e-03 -5.537493981999999648e-02 -4.308135009999999876e-02
-2.215972258999999913e-03 -5.230623315000000606e-02 -4.424682089999998347e-02
-1.666301858000000065e-03 -4.918582450000000272e-02 -4.528220469999999498e-02
-1.154723241999999978e-03 -4.602162689000000029e-02 -4.619728849999998888e-02
-6.893611432000000235e-04 -4.282061568999999401e-02 -4.700247009999999892e-02
-2.780405069999999945e-04 -3.958897382999999881e-02 -4.770870750000000271e-02
7.199506171000000232e-05 -3.633229347999999970e-02 -4.832765840000000090e-02
3.546743985000000063e-04 -3.305575309000000073e-02 -4.887182989999999672e-02
5.659710385000000284e-04 -2.976421083999999939e-02 -4.935456890000000651e-02
7.047249618999999700e-04 -2.646216215999999677e-02 -4.978972589999999809e-02
7.730262455999999810e-04 -2.315359340000000543e-02 -5.019104629999998624e-02
7.761167309999999868e-04 -1.984182700000000632e-02 -5.057150620000000485e-02
7.220240806999999976e-04 -1.652942350000000116e-02 -5.094273209999999885e-02
6.211090462999999725e-04 -1.321815129999999450e-02 -5.131451759999999807e-02
4.855211754999999921e-04 -9.909019099999999414e-03 -5.169446319999998485e-02
3.286811767000000022e-04 -6.602352800000002575e-03 -5.208766549999999107e-02
1.647363064000000065e-04 -3.297905500000003487e-03 -5.249648760000000247e-02
7.987322063999999312e-06 5.003100000011695414e-06 -5.292043390000000791e-02
-1.276964838000000128e-04 3.307329999999997217e-03 -5.335614140000000116e-02
-2.294530303999999952e-04 6.610141099999994330e-03 -5.379749329999999885e-02
-2.859698974000000264e-04 9.914445599999988090e-03 -5.423585610000000723e-02
-2.879695710000000023e-04 1.322104029999998653e-02 -5.466043060000000398e-02
-2.286160609000000032e-04 1.653037830000000930e-02 -5.505870120000000423e-02
-1.038283046000000040e-04 1.984246880000001267e-02 -5.541696409999999351e-02
8.754880652999999491e-05 2.315680880000001163e-02 -5.572093200000000079e-02
3.437140690999999828e-04 2.647235300000000402e-02 -5.595636469999998308e-02
6.599894228999999982e-04 2.978752600000000861e-02 -5.610969120000000587e-02
1.028967427000000018e-03 3.310028179999999209e-02 -5.616861970000000537e-02
1.440827695000000035e-03 3.640820119999998994e-02 -5.612268839999998149e-02
1.883769748000000029e-03 3.970861870000000349e-02 -5.596372680000000210e-02
2.344531220999999943e-03 4.299877120000000774e-02 -5.568621139999999081e-02
2.808970035999999899e-03 4.627596100000000434e-02 -5.528749769999999342e-02
3.262681378000000139e-03 4.953772270000000866e-02 -5.476791599999999982e-02
3.691619639000000199e-03 5.278197900000000664e-02 -5.413072879999999976e-02
4.082698495000000247e-03 5.600717820000000735e-02 -5.338195849999999298e-02
4.424348542999999821e-03 5.921240320000001334e-02 -5.253010189999998691e-02
4.707021415000000111e-03 6.239744869999999666e-02 -5.158574969999998872e-02
4.923637994999999733e-03 6.556286199999999953e-02 -5.056112709999999177e-02
5.069998055999999816e-03 6.870994229999999314e-02 -4.946956959999998515e-02
5.145085027000000089e-03 7.184068909999999364e-02 -4.832490629999999787e-02
5.151129138999999829e-03 7.495768999999999349e-02 -4.714077429999999347e-02
5.093277016999999719e-03 7.806397079999999322e-02 -4.592999870000000207e-02
4.978790474999999702e-03 8.116286549999998656e-02 -4.470427020000000695e-02
4.816045304000000221e-03 8.425795680000000565e-02 -4.347426709999999139e-02
4.613880879999999844e-03 8.735303780000000518e-02 -4.224998280000000217e-02
4.381273421000000251e-03 9.045205900000000132e-02 -4.104106169999999221e-02
4.127258063999999713e-03 9.355901410000000418e-02 -3.985696829999998969e-02
3.860916208999999859e-03 9.667778560000001020e-02 -3.870704359999999067e-02
3.591323534000000033e-03 9.981193169999999504e-02 -3.760036829999999219e-02
3.326821000000000205e-03 1.029640303000000090e-01 -3.654438879999999390e-02
3.071526036000000060e-03 1.061341586000000003e-01 -3.554124640000000390e-02
2.825599350000000155e-03 1.093210394999999946e-01 -3.459007570000000031e-02
2.589104349999999961e-03 1.125234730999999933e-01 -3.369000799999999352e-02
2.362111887999999993e-03 1.157403291999999917e-01 -3.284021309999998750e-02
2.144701329000000146e-03 1.189705312999999876e-01 -3.203986149999998867e-02
1.936969909000000028e-03 1.222130478000000020e-01 -3.128809509999999627e-02
1.739040170000000045e-03 1.254668884999999845e-01 -3.058401229999999082e-02
1.551059177999999971e-03 1.287311046999999875e-01 -2.992667069999999097e-02
1.373189610000000085e-03 1.320047919999999819e-01 -2.931510299999998126e-02
1.205597090999999945e-03 1.352870921000000060e-01 -2.874833779999999561e-02
1.048438753000000088e-03 1.385771934000000205e-01 -2.822541770000000505e-02
9.018559107000000217e-04 1.418743291999999823e-01 -2.774540710000000798e-02
7.659709908000000280e-04 1.451777747999999924e-01 -2.730739009999999523e-02
6.408871289999999504e-04 1.484868435000000209e-01 -2.691045779999998167e-02
5.266887672000000178e-04 1.518008837000000000e-01 -2.655369220000000641e-02
4.234427487000000032e-04 1.551192765000000140e-01 -2.623615169999998775e-02
3.312009581000000262e-04 1.584414357000000217e-01 -2.595686799999999406e-02
2.500065120000000054e-04 1.617668092999999807e-01 -2.571485879999999002e-02
1.799052844000000029e-04 1.650948804999999853e-01 -2.550916140000000776e-02
1.209631378999999996e-04 1.684251695000000271e-01 -2.533888349999999234e-02
7.328726725999999735e-05 1.717572312000000267e-01 -2.520326529999999954e-02
3.704855214999999908e-05 1.750906505000000002e-01 -2.510174239999998780e-02
1.250162321999999982e-05 1.784250343000000072e-01 -2.503399819999999054e-02
0.000000000000000000e+00 1.817599999999999771e-01 -2.499999999999999445e-02
0.000000000000000000e+00 1.850399999999999823e-01 -2.499999999999999445e-02
